inst/extdata/raster/alps.asc
NCOLS   331
NROWS   126
XLLCENTER    5.00000
YLLCENTER  43.83333
CELLSIZE 0.03333334
NODATA_VALUE  -32768
[rows 42 to 83 of 126, columns 93 to 185 of 331]
2469 3207 3028 2814 2866 2710 2086 2009 2543 2879 2719 2320 2265 2187 1947 2189 2257 2254 2402 2355 2456 2274 2069 2295 2767 2593 2336 2269 2317 2305 2327 2326 1839 2040 2477 2215 2416 2552 2151 1637 1330 1993 2444 2300 1629 1364 2012 2359 2562 2216 1746 2282 2565 2581 2654 2369 2138 2002 2262 2621 2700 2704 2374 2067 2111 2495 2474 2166 1998 1867 1856 2310 2433 1783 1537 1546 1522 1369 1391 1511 1396 926 856 1117 1255 1729 1957 1892 1863 1474 1191 849 258
3033 3054 2654 2762 2931 2571 2354 2391 2283 2596 2538 2111 2223 2448 2395 2590 2405 2202 2416 2446 2389 2113 2244 2318 2127 1805 1823 2183 2355 2493 2426 2240 2193 2318 2253 2068 2027 2021 1989 1801 1748 2187 2373 2111 2027 1677 1544 2147 2565 2666 2293 2214 2382 2138 1980 1888 2029 2453 2621 2424 2345 2299 2243 2376 2181 2261 2600 2737 2578 2366 2566 2711 2189 1616 2026 2581 2822 2545 2477 2544 1956 1627 2116 2372 2145 2207 2161 1707 1367 1215 1319 1188 571
3350 3030 2961 2781 2790 2491 2203 1967 1838 2110 2354 2639 2592 2126 1815 1824 1645 1548 1699 2122 2545 2366 2146 1931 1558 1198 1672 2464 2426 2289 2481 2498 2104 2105 2073 1924 1868 2025 2364 2165 1834 2024 2398 2330 2486 2104 1734 2330 2690 2737 2652 2549 2294 1842 1890 2391 2426 2468 2757 2640 2169 2060 2141 2322 2387 2388 2500 2443 2521 2586 2833 2822 2352 2310 2363 2389 2952 3000 2579 2397 2124 2337 2685 2579 2104 1571 1609 1687 1596 1752 1724 1470 1228
3306 3079 2897 2793 2327 1974 1954 1809 1920 2134 2100 2267 2304 2039 1863 1635 1564 1701 1687 1643 1614 1775 1810 1768 1561 971 1256 2246 2800 2835 2684 2510 2028 2187 2269 2292 2404 2237 2497 2533 2062 1854 2310 2768 2703 2261 1852 2140 2728 2665 2673 2562 2063 1875 1965 2555 2904 2677 2728 2677 2216 2351 2583 2425 2285 2036 1728 1582 1909 2330 2579 2578 2620 3008 2777 2484 2814 2667 2269 2529 2857 2616 2235 1997 1823 1689 1960 2097 1908 1884 1669 1529 1589
2867 2706 2376 2032 1561 1800 2317 2514 2560 2597 2289 2182 2242 2418 2418 2241 2202 2112 2235 1882 1242 1149 1304 1888 1739 787 1155 2259 2390 2454 2538 2483 2228 2039 2405 2568 2182 1773 2104 2596 2410 1966 2176 2455 2478 2547 2172 2117 2471 2640 2597 2053 2124 2219 2123 2333 2481 2697 2679 2488 2385 2657 2788 2325 1914 1806 1789 1476 1501 1935 1986 2324 2855 3173 2974 3037 3119 2721 2766 2825 2775 2607 2252 2051 2139 2262 2065 1551 1302 1500 1304 1102 1385
2467 2015 1644 1727 2114 2566 2759 2811 2568 2248 2398 2843 2160 1969 2307 1955 1788 1748 2099 2419 2258 1664 1036 1243 1726 1296 1059 1544 1639 1847 2188 2233 2085 1620 2028 2552 2054 1649 2045 2428 2458 2262 2319 2275 2303 2725 2469 2357 2290 2184 2261 2292 2594 2602 2602 2522 2184 2367 2369 2452 2755 2666 2514 2414 2265 2520 2639 1696 1598 2164 2049 2137 2432 2540 2511 3129 3307 2748 2934 2690 2119 2068 2130 2367 2330 1916 1460 1054 1085 1154 930 965 1228
1881 1264 1345 2109 2495 2453 2746 2724 2284 1797 2048 2686 2005 1454 2005 2093 1572 1416 1751 2203 2194 2024 1718 1029 1074 1582 853 484 1380 2078 2084 2006 2307 1730 1393 2267 2506 1657 1775 2595 2705 2458 2442 2632 2704 2696 2415 2231 2196 2047 2018 2695 2794 2847 3180 3090 3008 2574 2220 2186 2359 2563 2654 2845 2518 2497 2735 1662 1720 2786 2761 2286 2110 2538 2827 3195 3157 2114 2211 2496 1828 1717 1830 1875 2004 1557 904 774 963 889 781 1023 1290
1452 1646 1886 1978 2334 2306 2447 2526 2477 1920 1817 2316 1977 1651 1566 1648 1318 1179 1973 1970 1372 1830 2392 1857 982 863 635 1014 1778 2237 2128 1792 2261 1519 978 2084 2381 1418 1543 2337 2209 2104 2146 2126 2140 1796 1508 1822 2439 2682 2561 2879 3052 2857 3120 3266 3286 2880 2044 1719 2079 2533 2726 2877 2179 1936 2383 1584 1430 2205 2665 2817 2750 2996 3013 2772 2344 1626 1813 2310 2169 2330 2243 1671 1371 1146 1104 1028 652 643 909 1119 1543
2148 2402 2265 2240 2367 2142 2150 2288 2007 1666 2082 2126 1675 1661 1435 925 1019 1735 2118 1717 1452 1472 1988 2411 1931 1151 454 1051 1888 2283 1968 1642 1974 1218 971 2006 2137 1437 1068 1091 1101 1261 1499 1535 1508 1560 1682 2287 2936 2671 2406 2332 2501 2501 2643 2693 2676 2584 1572 1338 2321 2535 2265 2199 1652 1554 1659 1174 1452 1958 2414 2530 2626 2734 2441 2442 2205 1939 1636 1649 1717 1625 1598 1294 1070 1423 1666 1069 521 634 905 1169 1588
2434 2387 2429 2668 2051 1448 1857 1782 1282 1761 2114 1674 1291 1352 1607 1358 971 1326 1624 1739 1757 1368 1491 1824 1958 1636 622 490 1518 2244 1606 1551 1434 1218 1776 2034 2014 1363 505 513 1277 1691 1848 1936 2090 2540 2773 2697 2900 2654 2139 2000 1884 1899 2132 2166 2499 2584 1819 1179 1740 2467 2350 2066 1437 1085 1499 1865 2150 2425 2478 2299 2105 2200 2401 2443 2226 1910 1560 1372 1420 1411 1296 1221 1792 2064 1647 1117 568 482 781 1226 1429
2717 2397 1938 1910 2113 1728 1277 1081 1645 2335 2091 1818 1576 1716 1788 1769 1339 740 925 1556 1785 1574 1111 1025 1685 1632 1053 554 933 1705 1251 938 820 1301 2129 2052 1750 1224 486 326 1221 1823 2078 2320 2143 2223 2167 2092 2536 2790 2655 2319 1537 1510 1985 2101 2706 2580 2210 1966 1449 1753 2333 2141 1096 871 1808 2445 2203 1918 1777 1735 1561 1619 2158 2023 1784 1936 2074 2146 2278 2218 1854 1946 2169 1640 1488 1233 518 431 1093 1438 919
2792 2310 1709 1272 1542 1739 999 999 1785 1836 2122 2106 1925 2020 1818 1531 1656 1320 699 747 1238 1650 1173 887 1467 1873 1698 943 378 848 1094 593 1062 1902 2026 1810 1712 1831 1354 578 412 780 1645 2373 2185 1836 1462 1570 2273 2558 2544 2243 1421 1437 2146 2313 2548 2097 2047 2490 1774 1041 1084 1077 877 1498 1817 1527 1499 1499 1581 1439 1613 1993 2294 2425 2568 2918 2615 2211 2285 2086 1737 2085 2109 1933 1994 1323 603 474 832 860 556
1994 1980 1884 1778 1465 1235 795 950 1277 1545 2026 1930 1882 1768 1661 1303 1190 1192 824 400 692 1255 943 701 924 1345 1233 641 379 877 1463 1348 1632 1935 1734 1498 1289 1452 1400 770 308 852 1939 2401 2415 1779 1062 1060 1400 1635 1635 1755 1439 1131 1401 1581 1556 1398 1649 1648 1071 719 796 1208 1491 1777 1496 938 1489 2007 2184 2172 2452 2822 2493 2370 2631 2785 2393 1810 1528 1553 1676 2099 2360 2403 2107 1318 940 772 334 306 827
1859 1946 2001 1986 1958 1293 456 679 1220 1695 1621 1443 1589 1387 1181 1024 817 867 931 500 440 486 214 289 399 429 383 432 866 1338 1607 1635 1645 1541 1252 1008 598 361 387 223 206 632 1064 1300 1275 822 515 571 565 513 518 611 648 610 613 584 565 638 761 670 511 821 1395 1700 1614 1561 1409 911 1316 2248 2613 2720 3021 3236 2804 2356 2141 1997 2020 1633 1049 1386 1928 2508 2712 1993 1316 1155 1392 972 326 435 692
2129 1979 1614 1156 1106 798 317 548 1098 1335 1277 1137 1062 1093 1092 1123 1310 1258 827 325 111 431 654 793 661 391 530 1012 1469 1634 1508 1524 1742 1539 1168 540 162 194 228 507 582 571 557 478 555 654 866 974 1186 1001 678 862 976 1139 1239 1227 1161 1021 1013 1076 1276 1570 1574 1499 1772 1862 1286 868 1400 2256 2600 2623 2787 3001 3128 2936 2347 1926 1924 1255 1036 1610 2095 2413 2455 1722 1136 1593 1489 630 212 532 686
1975 1913 1641 1128 892 455 312 796 1327 1521 1584 1493 1240 1094 1102 1377 1597 1114 307 305 746 949 1228 1518 973 670 1011 1079 1158 1517 1442 1250 1600 1661 1280 423 117 563 855 1370 1692 1580 1547 1101 992 1213 1479 1683 1790 1858 1707 1845 2020 1988 1799 1941 2092 2174 2360 2292 1980 1928 2097 2150 2195 1765 817 664 1404 1682 1947 2050 2325 2498 2536 2676 2027 1762 1457 1048 1506 1582 1861 1804 1430 1449 1199 1121 760 456 287 505 715
1478 1424 1372 1087 928 494 566 1361 1700 1425 1593 1751 1471 1313 1137 1001 1002 772 297 450 944 956 1237 1360 682 567 781 897 1086 1280 1155 645 796 1312 1029 272 211 1022 1437 1347 1504 1633 1915 1490 1254 1661 1770 1995 1820 1789 2137 2218 2313 2217 2032 1897 2176 2254 2150 2559 2320 2074 2364 2270 1871 1660 1362 705 919 1485 1724 2006 2161 2231 2365 2243 1836 1620 933 810 1122 1009 1196 1048 770 913 653 637 845 886 538 256 679
1756 1438 965 610 459 314 739 1292 1381 1309 1333 1397 1230 1340 1223 939 1005 684 254 248 436 811 1082 962 558 325 501 708 701 576 577 749 857 755 428 152 473 957 1011 1087 1341 1562 1976 2001 1871 1854 1669 1726 1910 1738 1577 1840 2144 2349 2191 1482 1647 1714 1606 2196 2144 1851 1741 1636 1752 2073 1666 680 887 1779 2073 2409 2052 2034 2474 1941 1683 1593 981 794 1038 887 541 484 863 663 236 998 1582 1350 635 199 896
1588 1169 1197 1058 871 574 523 630 673 906 1006 916 910 1097 923 904 775 268 157 206 337 559 606 579 446 323 532 674 464 287 602 1178 1127 559 204 121 640 1011 834 922 1210 1495 1638 1663 1607 1352 1166 1184 1647 1466 1290 1892 2154 2062 1606 1047 1154 1784 1850 1486 1341 1479 1674 1628 1436 1681 1153 427 861 1395 2090 2446 1885 1665 2061 1976 1421 1153 1028 1333 1710 1191 711 913 861 455 353 1132 1630 1081 384 542 1131
1233 844 1387 1920 1800 1400 1148 1215 799 331 562 562 508 596 518 549 280 119 430 452 335 465 509 381 400 392 359 878 1132 824 797 827 512 293 359 262 422 974 1466 1282 653 999 1532 1435 1348 1070 866 876 927 985 1460 2002 1836 1403 1013 1098 1384 1718 1895 1597 1217 1328 1645 1428 878 725 586 809 1473 1769 2229 2387 2025 1703 1506 1439 1107 1000 1393 1608 1630 1231 899 1036 620 452 857 1171 1290 840 356 937 1645
1827 1477 1635 1869 2007 1650 1396 1450 1291 681 319 298 223 211 217 202 333 568 734 574 321 448 674 585 385 491 458 842 1204 918 773 426 348 807 959 584 235 621 1614 1775 996 904 1532 1688 1464 1426 1178 874 730 1199 1516 1521 1506 1434 1096 904 1412 1385 1365 1646 1222 935 1276 941 477 391 504 1130 1722 2133 2146 2078 2125 1981 1468 807 836 1266 1482 1422 1418 1064 578 403 311 909 1431 958 634 509 418 902 1468
1893 1534 1319 1457 1552 1401 1172 1019 979 594 663 829 398 186 170 209 426 633 594 526 481 578 870 679 433 684 570 732 1005 968 1061 540 690 1367 1150 844 487 362 1078 1260 965 979 1087 1072 837 1053 935 786 1031 1295 1355 1317 1485 1493 1002 560 804 954 932 1250 1320 928 803 607 603 1120 1324 1389 1651 1932 1675 1670 1910 1785 1376 867 1052 1221 1074 1018 1194 1169 482 -28 358 1141 1355 665 140 302 688 896 1171
1478 1352 1086 1026 1027 1148 1294 1247 751 428 959 1173 703 440 303 195 244 253 336 530 618 652 677 455 470 549 407 486 659 665 684 559 794 1104 807 728 856 491 409 560 732 1182 1020 872 793 852 763 713 966 958 1221 1217 1015 822 780 965 760 665 1048 1395 1215 571 224 656 1369 1866 1972 1964 1994 1804 1288 1564 1891 1322 782 858 1138 1214 1222 887 1114 1338 509 152 581 644 564 341 332 688 1110 1364 1292
1050 1051 977 730 617 830 1033 1010 610 415 652 793 750 542 293 181 211 233 275 349 438 441 374 362 376 373 324 324 443 370 424 680 854 728 472 459 602 493 220 195 546 1104 881 721 799 874 1029 826 692 753 1059 1013 666 560 773 1195 1207 812 766 796 361 260 744 1340 1595 1493 1512 1578 1527 1563 1259 1130 1186 653 765 1161 1277 1399 1291 1177 992 669 139 658 1247 662 283 242 839 936 1076 1799 1610
939 926 1218 1154 636 628 873 932 619 305 423 600 610 338 177 221 232 269 249 245 265 314 356 358 388 412 367 389 402 313 445 586 568 410 287 327 253 210 433 371 313 677 910 810 621 533 659 618 641 868 862 683 503 590 732 769 772 627 354 183 384 813 1177 1399 1181 979 1161 1350 1377 1370 1347 1081 548 532 1168 1308 1255 1246 956 890 558 81 274 1137 1611 1255 883 446 741 1060 923 1434 1863
1233 1289 1336 1267 857 559 728 847 636 339 398 502 426 252 195 249 312 303 272 297 328 349 353 344 368 406 388 349 321 289 320 370 353 335 284 255 296 313 534 523 251 349 762 794 488 391 369 459 663 787 656 507 504 607 696 728 686 635 356 133 615 1180 1458 1261 810 773 1080 1365 1326 991 947 874 565 800 992 952 998 1019 900 525 180 50 857 1461 1050 866 698 288 434 1183 1101 974 1506
1314 1317 1124 953 686 498 555 692 657 458 378 360 350 288 210 227 276 268 280 287 335 370 345 328 328 351 346 328 313 305 315 338 335 330 295 277 341 375 419 435 275 303 438 352 282 288 353 458 404 368 368 397 510 502 451 715 1060 929 408 171 374 972 1363 982 630 674 971 945 711 633 611 613 775 899 820 794 882 985 754 296 73 519 1432 1637 897 422 484 806 1155 1123 1306 1512 1284
1033 1014 972 617 444 439 415 491 524 438 346 305 327 333 297 258 226 242 270 275 292 304 303 290 289 291 291 297 288 289 291 291 283 272 275 290 326 345 301 280 260 318 371 277 223 231 276 276 248 275 317 326 358 382 403 444 651 676 324 194 306 726 759 594 812 830 866 684 603 584 562 822 852 969 1003 711 581 584 274 5 335 1279 1647 1133 607 698 1187 1488 1679 1318 1340 1737 1399
976 831 656 521 502 440 410 334 344 360 340 301 284 305 326 320 251 204 238 266 257 257 262 257 256 254 248 250 247 250 248 241 236 234 240 251 266 257 241 245 251 231 218 222 209 212 217 222 232 231 234 230 219 340 344 236 378 358 241 323 482 716 586 529 746 726 722 601 489 456 446 564 569 770 849 503 195 42 7 230 855 1488 1322 509 246 847 1285 1251 1354 1525 1233 1280 1251
828 618 481 504 475 382 357 345 305 298 320 288 255 261 276 284 228 169 196 231 227 228 236 236 235 235 226 220 220 224 229 216 206 210 210 204 203 207 211 221 227 215 196 193 195 194 194 200 205 206 200 196 203 253 247 223 292 250 250 383 418 508 522 415 482 728 769 589 433 357 520 463 339 353 310 204 77 56 140 564 938 884 656 454 530 779 882 974 1060 1183 1069 1092 978
572 422 358 330 318 301 273 274 258 251 270 268 243 229 231 233 220 174 177 210 208 210 215 218 213 209 206 198 196 198 197 190 184 183 181 177 172 177 182 188 193 195 180 162 167 171 169 170 175 176 173 171 168 170 178 220 229 205 223 214 177 213 276 297 407 533 606 717 729 587 538 403 228 142 42 58 76 127 254 418 463 299 256 588 734 700 650 688 794 867 989 863 774
373 298 265 263 260 246 248 244 231 222 224 236 226 208 204 210 207 181 167 179 190 190 194 196 193 189 184 179 175 174 169 165 163 162 159 154 152 156 160 158 156 156 159 145 142 151 146 145 148 150 149 149 148 155 164 190 193 177 174 163 150 132 155 163 186 357 537 571 543 420 243 255 235 128 69 58 73 107 116 152 217 151 374 587 469 453 484 534 640 701 786 627 620
303 285 261 230 223 224 223 218 211 205 200 197 193 190 188 189 184 179 156 142 164 173 174 174 174 172 167 162 158 154 150 147 145 144 142 137 136 138 140 136 131 131 133 128 129 132 128 126 127 128 130 133 133 139 146 142 138 142 145 140 128 121 126 131 169 372 359 181 161 155 190 250 203 109 77 57 42 -2 -5 126 208 147 255 286 196 237 405 436 465 582 524 443 494
278 273 259 220 191 197 202 196 192 186 182 179 174 172 171 169 164 164 154 137 135 144 153 155 155 155 152 148 144 141 137 134 134 131 126 124 123 123 122 121 117 115 113 112 116 117 114 111 110 112 115 118 119 121 123 123 122 121 121 117 110 108 110 115 113 102 124 161 160 164 172 210 178 66 43 47 38 22 17 79 146 153 109 93 116 154 294 231 203 386 331 306 338
258 228 220 205 183 174 178 177 173 168 166 164 161 159 157 156 153 150 151 146 131 123 129 138 139 139 138 135 132 130 127 125 124 122 115 111 112 112 111 110 108 102 99 101 103 105 102 99 100 101 102 104 106 103 103 106 106 106 105 103 98 100 101 100 109 117 124 130 134 137 140 172 161 85 49 56 68 53 58 95 118 156 138 93 89 91 123 111 106 175 212 207 187
289 223 207 190 180 169 160 157 155 154 152 150 149 148 145 147 150 143 138 138 135 119 110 122 129 128 127 125 122 119 118 115 113 112 106 103 102 101 101 100 98 91 90 92 93 94 92 91 91 92 91 92 94 89 88 92 94 93 91 91 87 90 91 89 95 100 105 108 109 111 115 133 140 119 101 93 94 89 84 94 117 143 129 101 90 75 60 61 53 59 99 85 77
275 225 197 181 172 165 155 147 144 141 139 139 139 139 136 139 141 136 130 128 128 120 106 105 115 120 119 118 115 111 110 108 105 103 102 100 97 94 94 95 88 82 84 84 87 87 83 84 83 84 86 87 87 79 76 83 85 83 80 79 77 76 77 77 78 81 85 89 91 91 94 104 125 131 114 105 113 107 97 110 119 115 96 78 71 65 60 53 44 38 34 32 38
224 203 186 175 167 159 152 146 139 133 130 129 132 133 132 130 128 128 125 122 121 121 107 92 96 106 111 110 109 108 105 102 99 98 98 96 94 91 90 90 83 76 77 76 78 79 79 78 76 77 79 80 80 68 66 76 77 75 73 72 72 69 67 66 68 69 71 75 77 76 78 76 96 116 117 126 121 104 95 104 96 81 69 55 54 50 48 46 42 35 30 28 24
202 187 178 171 163 156 149 143 136 131 126 123 124 127 126 123 122 121 121 119 115 113 110 99 86 87 102 107 105 104 101 98 96 95 93 91 89 85 85 85 82 77 71 70 68 70 76 78 73 71 73 72 73 67 64 64 63 68 69 67 66 65 61 60 60 61 62 63 64 64 63 61 62 71 85 99 99 93 77 69 73 60 50 45 42 41 39 38 36 33 28 26 24
186 177 170 163 156 150 145 138 133 129 125 120 117 119 121 120 119 118 117 115 112 108 111 109 89 77 93 103 102 100 96 96 93 90 88 88 87 83 81 82 81 79 74 71 68 63 62 65 67 67 66 67 70 71 67 60 59 59 56 57 60 60 58 56 55 54 53 53 53 53 53 53 53 53 52 48 53 62 55 54 58 50 42 38 36 34 34 33 31 30 27 25 24
175 167 162 156 151 146 140 135 131 127 124 119 113 113 115 115 114 113 111 110 110 108 107 105 93 78 78 90 98 96 93 92 90 86 85 84 83 81 79 77 76 76 75 73 69 64 59 54 55 60 62 60 63 66 64 63 62 56 51 50 49 48 51 50 49 50 47 47 47 46 47 47 47 46 44 43 41 40 40 43 44 39 36 34 32 30 30 29 28 27 25 24 23
166 157 154 152 155 154 143 134 130 127 121 117 113 110 110 108 109 109 107 108 106 106 104 101 98 86 72 74 80 86 92 89 87 84 81 81 78 76 76 75 71 69 70 70 68 67 66 59 52 51 54 52 54 58 58 58 56 56 55 52 46 44 47 44 41 44 43 42 43 41 41 42 42 40 39 37 36 31 29 33 35 34 32 31 29 29 27 25 24 23 22 22 21
