inst/extdata/raster/alps.asc
NCOLS   331
NROWS   126
XLLCENTER    5.00000
YLLCENTER  43.83333
CELLSIZE 0.03333334
NODATA_VALUE  -32768
[rows 84 to 125 of 126, columns 0 to 92 of 331]
385 385 361 416 497 541 549 539 495 464 435 325 217 334 434 884 1281 1465 1469 766 247 307 349 179 266 338 593 989 1368 1903 1906 1768 2051 2133 2313 2509 1975 1617 1787 1659 1669 2218 2056 1420 1286 1527 1765 1765 1763 1553 1430 1650 1749 2024 2041 2264 2504 2455 2472 2052 1556 1879 2644 2646 2432 2010 1902 1852 1666 1610 1518 1325 1053 1243 1103 561 351 342 311 296 282 269 251 223 204 194 178 174 179 174 166 163 157
323 312 357 393 442 474 429 377 365 334 297 302 448 809 1003 1051 1123 1247 1209 929 499 163 180 348 500 580 804 1316 2024 2610 2173 1481 1597 2116 2775 2716 2161 2170 1984 1819 2321 2468 1900 1773 1969 2256 2547 2499 2340 1850 2032 2601 2694 2832 2700 2616 2919 2916 2403 1735 965 846 1489 1763 1584 1283 1530 1681 1642 1621 1582 1286 1028 948 766 536 300 306 290 274 260 245 230 215 196 189 279 284 210 204 186 172 187
265 292 356 350 314 326 313 295 290 246 228 510 1003 1215 1282 1175 1117 1126 1261 1089 426 251 309 488 495 724 1419 1677 1594 1601 1395 1128 1527 2510 2878 2395 2235 2586 2512 2535 2794 2443 1875 1922 2267 2335 2551 2733 2635 2507 2375 2471 2462 2496 2787 2937 2852 2606 1786 1066 909 710 802 724 581 543 582 688 749 680 740 672 592 706 565 383 296 280 276 263 244 231 214 202 210 223 330 372 286 305 333 278 282
251 278 262 239 242 240 219 223 222 221 378 735 1159 1130 1009 1075 1042 1101 1393 970 264 267 345 354 654 1246 1364 1375 1569 1228 720 1119 1833 2376 2242 1748 2100 2348 2426 2746 2690 2371 2136 2149 2438 2462 2662 2728 2345 2498 2149 1703 1970 2335 2647 2754 2212 1551 1499 1424 1562 1642 1339 1244 1349 1202 980 878 837 818 667 446 316 497 530 358 320 295 278 257 239 213 235 303 349 333 310 361 375 370 372 342 323
195 204 189 175 188 187 197 213 215 243 393 745 1046 1001 1036 1154 1042 1252 1276 676 310 412 490 336 553 989 1057 1593 2215 1608 828 1027 1441 1476 1338 1541 2129 2159 1918 1933 2080 2323 2322 2411 2604 2424 2467 2617 2405 2221 1783 1480 1684 1820 1958 1789 1508 1496 1864 2082 1915 2001 2007 2049 2309 2231 1865 1466 1133 978 807 532 376 398 377 354 321 296 277 256 235 255 342 429 441 372 334 363 367 327 281 280 273
166 169 183 200 241 233 429 531 295 192 495 733 815 948 1246 1355 1338 1622 1199 571 365 670 953 761 820 1062 1452 1843 1862 1648 1464 1042 1090 1399 1473 2015 2390 2502 2244 2198 2257 2289 2563 2348 2444 2513 2316 2275 2096 1790 1733 2051 1927 1585 1490 1300 1533 2062 2077 1992 1822 1603 1595 1576 1898 2248 1907 1482 1093 726 619 473 580 571 362 321 291 274 261 247 241 342 421 402 371 313 289 299 289 264 244 239 242
176 189 214 255 317 401 804 782 437 607 947 902 794 992 1222 1455 1515 1470 1086 712 506 865 1254 1061 1336 1891 1606 1545 1769 1784 2312 1911 1322 1334 1672 2396 2515 2613 2761 2964 2707 2276 2561 2132 1760 2082 2317 2273 2072 1802 2015 2489 2480 2095 1599 1757 2182 2014 1842 2175 2343 2139 1767 1323 1115 1316 1461 1506 1410 1037 711 466 500 460 294 283 267 255 245 234 236 292 324 305 292 275 266 269 277 255 220 215 240
176 204 246 311 385 601 913 759 768 1117 1154 1065 915 1101 1389 1649 1430 967 816 784 686 809 1078 971 1164 1603 1552 2006 1903 1308 1973 2239 1906 1673 1844 2042 2206 2610 2564 2722 2778 2638 2905 2606 1998 1900 1928 2024 2389 2225 1969 2298 2511 1899 1499 1925 2254 2229 2098 2377 2492 2118 1712 1458 1150 830 862 1045 1247 1068 684 430 279 281 287 263 254 247 239 231 225 217 224 242 251 253 254 258 266 238 200 199 228
194 233 283 367 624 876 1022 842 963 1279 1297 1188 898 1102 1470 1631 1404 1151 1011 759 646 885 1138 1007 983 986 1300 1935 1554 1272 1866 1880 1941 2455 2556 2203 2304 2497 2270 2599 3134 3042 2676 2808 2587 2217 2034 1756 1811 1855 1726 1931 2378 2108 1707 1859 1972 2265 2462 2560 2359 1631 1398 1355 1243 1098 951 759 831 827 539 373 291 274 260 253 245 241 238 234 232 228 224 233 240 246 252 252 261 238 195 199 207
200 250 346 499 862 1056 1031 1006 1082 1346 1385 1185 931 1143 1512 1683 1563 1481 1216 771 654 904 1172 916 767 836 1087 1276 1082 1186 1530 1835 2014 2047 2313 2637 2523 2431 2579 2480 3102 3249 2256 2113 2051 2202 2524 2071 1440 1334 1616 1901 2175 2170 2088 2033 2282 2459 2420 2495 2438 1877 1826 1940 1556 1481 1444 863 525 577 389 318 308 286 270 256 245 242 241 239 236 232 230 238 242 248 262 263 270 254 213 217 205
204 305 465 693 934 923 756 1042 1077 977 1202 1292 1237 1347 1554 1759 1675 1428 1066 705 721 778 870 800 758 805 1132 1285 1302 1366 1387 1841 2126 2045 2202 2666 2750 2876 2659 2405 3030 3209 2726 1993 1400 1955 2448 1801 1485 1576 1844 2078 2086 2190 2291 2352 2787 2917 2472 2455 2606 2137 2191 2498 2130 1657 1207 866 583 429 345 329 308 289 271 257 249 247 243 241 238 237 238 244 254 263 271 284 303 286 255 234 192
221 348 606 882 885 711 636 738 799 820 994 1116 1120 1180 1492 1649 1337 1225 1031 656 681 789 788 949 1074 901 993 1101 1256 1579 1704 2020 2150 1851 1790 1884 2083 2287 1990 2290 2963 2648 2570 2429 1623 1591 1713 1430 1910 2147 2184 2375 2355 2675 2623 2641 2710 2513 2372 2338 2471 2359 2080 1792 1604 1265 790 644 579 435 335 315 299 282 266 256 253 249 243 240 241 241 243 256 271 286 294 301 318 315 288 217 169
274 376 588 682 596 573 699 604 678 812 673 663 739 1022 1532 1672 1470 1313 1032 783 688 704 773 923 1447 1583 1176 847 936 1232 1197 1427 1718 1543 1441 1397 1575 1988 2173 2331 2592 2443 2321 2154 1914 1758 1127 1432 2328 2371 2349 2352 2264 2471 2504 2227 1955 1914 1889 2027 2422 2316 1753 1178 886 958 822 618 518 396 341 311 288 273 263 255 252 249 247 247 249 250 248 268 292 304 319 341 323 275 257 221 205
275 362 431 352 359 538 696 576 657 709 486 527 641 1246 1524 1570 1739 1393 1323 1161 848 881 933 874 1620 2141 1568 1287 1448 1141 875 1091 1491 1673 1941 2237 2174 2048 2289 2526 2510 2654 2318 2012 1943 1626 1176 1364 2014 2223 2383 2360 1899 1706 1728 1832 1914 2107 2214 2085 2326 2235 1809 1592 1616 1505 1227 1050 656 400 334 294 279 265 258 255 256 256 255 257 260 260 257 265 294 329 362 361 315 261 252 237 188
219 252 270 290 403 492 609 536 493 654 700 577 498 1027 1378 1247 1254 1195 1349 1514 1337 1298 1218 1149 1797 2080 1404 1269 1897 1625 952 1177 1495 1544 1870 2445 2275 1531 1709 2339 2519 2610 2468 2375 2138 1918 1736 1148 1370 2120 2432 2309 1637 1511 1889 2043 2171 2369 2577 2445 2227 2330 2311 2257 2194 1884 1757 1501 884 457 360 316 265 261 258 261 265 266 268 270 271 272 270 265 274 331 378 327 275 265 234 183 166
296 264 263 295 352 344 425 469 360 663 941 650 462 612 985 920 909 1095 1088 1375 1388 1381 1373 1393 1903 1836 1347 1291 1631 1709 1207 976 1066 1418 1602 1837 1895 1387 1320 1691 1996 2229 2488 2663 2441 2469 2363 1463 1075 1691 1896 1762 1838 1988 2413 2397 2166 2266 2604 2795 2601 2591 2693 2576 2065 1650 1514 1207 813 659 635 379 261 273 272 277 281 282 283 285 286 286 288 286 277 290 283 233 214 213 186 193 273
392 374 402 452 511 716 631 510 507 814 1034 639 487 500 692 969 955 944 1194 1428 1248 1135 1350 1657 1808 1532 1646 1842 1619 1727 1651 1293 1132 1101 1190 1219 1371 1587 1803 1797 1900 2211 2361 2325 2211 2375 2080 1365 979 1057 1425 1941 2402 2171 2204 2464 2376 2615 2811 2515 2489 2678 2757 2703 2174 1538 1233 1124 825 699 620 392 298 287 293 312 313 309 306 307 306 300 308 313 279 255 221 243 255 192 241 292 339
440 445 409 500 678 1081 1084 811 646 700 916 954 746 537 749 1047 1118 1100 1193 1454 1359 1065 1450 1770 1585 1307 1728 2212 1863 1664 1624 1535 1356 1150 1217 1221 1340 1822 2348 2177 2106 2557 2492 2230 2039 1733 1235 1294 1625 1479 1723 2058 2272 2364 2364 2503 2623 2740 2952 2598 2085 2091 2445 2735 2371 2016 1998 1769 1308 851 524 513 453 378 377 368 354 341 332 328 322 316 335 315 263 278 252 342 347 216 291 382 464
360 390 449 508 539 756 1087 987 684 765 1040 1249 972 716 720 836 1040 1058 1203 1343 1170 1003 1292 1394 1320 1236 1322 1728 1583 1244 1375 1485 1214 1071 1147 1237 1302 1552 1873 1995 1990 1947 2129 2346 1830 1013 986 1785 2291 2251 1993 1867 2347 2832 2482 2273 2677 2774 2763 2559 1997 1614 1662 1798 1703 1642 1656 1556 1396 1102 857 741 738 692 495 406 386 366 351 342 337 332 346 314 300 336 277 320 363 316 360 484 612
470 545 596 642 557 519 937 967 683 842 1064 1172 1040 980 963 863 913 1028 1230 1128 970 1060 1100 1125 1158 1039 1010 1159 1089 1028 1211 1134 866 833 901 971 959 1035 1181 1525 1545 1096 1266 1424 1058 911 1272 1701 1876 2227 2206 2210 2646 2498 2144 2389 2743 2840 2686 2407 2321 1981 1615 1668 1647 1533 1304 1344 1395 1064 955 856 803 776 552 423 415 394 375 362 357 354 342 350 367 345 286 272 361 424 480 595 599
552 573 507 656 655 680 864 752 695 837 935 1080 1077 992 1124 1089 1036 1093 1064 983 919 948 966 929 1037 1034 993 1273 1460 1227 964 788 733 903 949 910 1020 1076 962 869 893 892 955 950 944 1071 1327 1553 1816 2229 2333 2282 2062 1882 2101 2745 2880 2496 2615 2578 2679 2345 1668 1719 1812 1719 1502 1427 1528 1435 1230 1027 762 664 567 451 443 417 395 383 380 365 354 373 383 367 334 291 360 432 496 647 678
446 423 518 587 652 993 971 906 1074 952 971 898 820 853 1002 1208 1193 1052 1152 1171 948 775 722 758 844 1096 1150 1316 1625 1314 849 753 744 790 889 988 1201 1242 962 820 950 1143 1476 1438 1412 1654 1631 1912 2330 2331 2188 2034 1608 1568 1977 2479 2757 2228 2032 2051 1972 1695 1227 1351 1411 1279 1175 1007 1099 1277 1222 937 679 612 541 482 460 435 419 406 388 370 376 382 395 412 366 328 416 519 564 627 740
419 460 761 781 696 912 894 999 1073 911 844 654 682 846 930 967 1027 1096 1342 1311 973 795 705 774 966 1265 1326 1170 1027 1012 809 639 802 851 1014 1044 970 1022 946 959 1051 1090 1449 1842 1968 2290 2276 2392 2620 2517 2442 2125 1740 1926 2195 2049 2367 2406 2139 1913 1634 1675 1439 1494 1729 1572 1310 1071 951 901 883 697 555 542 515 493 472 459 440 422 408 403 403 399 391 387 331 365 520 589 606 661 726
320 398 687 857 725 582 609 674 601 687 606 719 1005 983 986 948 880 918 1065 1064 882 749 715 741 938 1112 1250 1209 826 721 651 672 1039 1136 1054 896 940 1025 1058 1228 1182 1340 1472 1490 1964 2062 1996 2301 2212 2262 2331 1805 1508 1935 2257 2118 2104 2354 2586 2352 2164 2192 1971 1892 2145 2029 1500 1302 1145 981 872 660 571 564 528 510 499 479 461 452 447 426 403 402 389 367 359 390 442 484 521 588 672
262 349 457 625 613 407 381 452 607 837 737 709 853 803 813 888 898 936 956 887 995 890 693 791 861 955 1016 917 683 625 839 1023 1173 1301 1167 1027 1208 1156 1039 1202 1335 1837 2075 1493 1501 1686 1537 1538 1345 1347 1437 1391 1522 1743 2020 2431 2381 2183 2243 2170 2409 2407 2315 2388 2349 2158 1799 1539 1167 1032 944 879 824 616 555 544 519 504 496 482 462 439 443 450 425 421 473 459 393 445 454 430 528
298 364 378 395 477 533 491 481 605 796 820 778 704 584 599 735 878 944 1007 967 1021 927 675 754 875 895 777 569 567 775 986 1059 1121 1291 1316 1168 1203 1243 1240 1163 1150 1456 1857 1942 1594 1789 2010 1717 1347 1315 1576 1808 2100 2238 2217 2378 2493 2431 2134 1985 2027 1923 2043 2288 2366 1967 1893 1911 1611 1476 1303 1141 955 751 652 560 539 530 513 498 488 502 544 506 457 503 554 534 526 548 543 512 535
360 323 282 263 468 677 722 764 637 539 632 880 987 940 956 952 914 936 949 877 809 743 668 650 636 603 624 577 634 802 787 811 933 1023 1199 1304 1421 1543 1623 1471 1258 1343 1558 2062 2173 1966 2214 2346 1793 1591 1833 1880 2132 2338 2408 2363 2118 2256 2455 2201 1732 1737 1693 1824 2046 1548 1345 1372 1301 1176 1138 938 882 954 709 640 656 595 567 557 578 592 609 599 616 627 618 677 771 676 695 651 582
262 260 286 324 468 527 566 702 634 671 824 799 811 895 966 945 997 1073 927 884 985 919 787 691 561 591 615 541 609 811 762 666 1003 1231 1208 1421 1726 1635 1536 1466 1342 1347 1414 1799 2413 2491 2180 2144 2030 1866 2052 2147 2189 2413 2483 2097 1637 1823 2437 2586 2193 2139 1737 1714 1743 1459 1479 1249 1106 1062 1151 1056 927 927 922 831 839 926 995 930 779 862 785 791 866 838 869 843 886 785 762 679 642
198 214 290 337 367 391 382 382 438 795 990 847 812 780 836 936 1104 1101 903 875 956 915 809 872 753 568 572 527 522 713 825 916 1317 1432 1298 1475 1730 1383 1257 1535 1365 1371 1445 1412 1836 2175 2080 1919 1803 1845 2149 2517 2420 2412 2389 2099 1707 1413 1757 2468 2505 2002 1866 1983 2010 1978 2131 2013 1719 1541 1337 1114 1038 1153 1243 1017 989 1379 1623 1279 1005 1152 1096 1221 1221 974 1046 1104 1212 1237 855 699 833
213 236 245 266 325 360 379 346 464 776 987 965 922 983 1012 974 956 930 873 829 795 855 1047 1238 977 572 525 505 523 673 973 1114 1012 1221 1437 1538 1600 1261 1179 1506 1363 1244 1322 1323 1403 1625 1958 2033 1764 1732 2058 2374 2225 2221 2456 2338 2101 1662 1405 1695 2157 2221 2287 2162 2297 2260 2268 2540 1943 1516 1693 1341 995 1431 1591 1207 1161 1444 1744 1456 1242 1421 1586 1817 1444 1119 1213 1368 1509 1402 812 759 979
185 362 443 323 317 400 525 842 1023 750 666 717 676 791 871 904 870 911 911 883 923 1000 1097 1090 873 682 643 547 526 611 778 806 839 1131 1165 1240 1256 975 1014 1131 1020 1013 1073 1421 1694 1879 2084 1954 1647 1749 2144 2096 1793 1937 2320 2197 2155 1954 1648 1640 1648 1593 1716 2119 2353 2292 2329 2496 2141 2045 2206 1517 1466 1693 1678 1641 1383 1264 1657 1922 1762 1859 1975 2115 1852 1624 1619 1612 1522 1046 696 869 1026
264 374 420 403 401 508 694 1135 1383 1173 916 874 780 729 934 1110 1134 1181 1178 1098 1083 954 833 825 825 817 708 704 622 479 524 672 1015 1041 834 1116 1199 904 861 904 861 1031 1098 1274 1764 1906 1954 1575 1405 1783 2045 1998 1407 1519 1966 1878 1947 1937 2104 2233 1827 1570 1281 1700 2048 1911 2172 2335 2422 2558 2330 1677 1977 2174 1917 1987 1745 1576 1940 2099 2013 2004 1849 1829 1904 1878 1602 1289 1164 1021 1075 1028 787
193 206 191 285 362 432 541 766 1025 1252 1258 1135 915 829 993 1084 1150 1206 1246 1267 1194 1185 1257 1313 1347 1198 989 995 765 457 509 728 1004 909 809 1090 1075 922 831 841 1072 1182 1500 1565 1667 1776 1720 1450 1525 2059 2213 2228 1644 1271 1364 1415 1616 1768 2010 2084 1924 2055 1373 1249 1940 1994 2194 2372 2178 2142 2422 2471 2436 2445 2178 2007 1777 1618 1653 1627 1989 1892 1577 1472 1382 1435 1148 963 978 1067 1082 753 565
41 78 126 166 232 271 325 477 725 932 1013 858 738 799 829 881 951 1035 1118 1124 1015 1147 1394 1455 1429 1294 1148 983 702 513 499 706 974 833 736 828 715 682 768 914 1229 1303 1616 1738 1447 1411 1370 1399 1679 1990 2126 2247 2178 1644 1194 1071 1157 1434 1585 1555 1579 1577 1046 1014 1681 2009 2189 1941 1555 1775 2091 2486 2776 2584 2170 1881 1655 1372 1237 1305 1651 1883 1582 1275 1121 1001 1016 1018 1016 949 660 478 593
54 76 119 154 197 249 275 391 567 711 812 765 783 870 841 840 886 948 1010 888 806 864 988 1008 845 782 797 723 561 475 422 568 768 704 610 593 703 869 853 1087 1254 1073 1250 1445 1296 1246 1258 1387 1586 1684 1854 1808 1878 1912 1480 995 1061 1597 1729 1578 1645 1689 1209 780 1088 1518 1704 1298 1079 1495 1803 2014 2342 2521 2336 2047 1776 1222 1019 1221 1313 1623 1679 1527 1275 1007 847 573 535 588 470 415 380
54 73 112 139 170 243 265 374 535 672 738 781 931 1007 942 850 835 887 860 779 795 740 673 695 681 598 590 575 448 476 606 602 569 588 608 642 763 864 905 1255 1223 873 1021 1480 1459 1422 1405 1452 1386 1268 1485 1339 1362 1381 1115 1075 1269 1505 1635 1495 1361 1590 1319 590 875 1369 1529 1542 1139 931 1323 1665 1967 1935 1817 1869 1347 918 943 1408 1625 1271 1324 1405 1315 1076 628 537 514 439 405 322 267
43 76 134 186 232 330 450 552 652 737 772 865 967 1050 1122 988 810 756 672 674 723 629 631 647 632 580 525 465 409 601 780 740 694 716 809 747 648 789 900 1020 1135 936 965 1258 1257 1288 1333 1416 1393 1144 1016 1119 1041 855 1079 1178 1107 1194 1362 1204 938 1166 1307 931 786 1130 1425 1539 1172 680 838 1436 1729 1439 1344 1385 815 730 1074 1565 1771 1248 889 676 819 1071 869 626 545 511 593 590 507
46 71 157 298 447 545 576 581 541 537 581 645 723 825 1064 1052 800 626 568 632 638 640 692 614 520 463 434 401 457 606 626 658 759 772 736 672 630 867 1101 997 972 902 910 1060 1138 1034 1137 1317 1340 1268 899 932 849 747 906 750 684 757 815 735 624 755 953 895 570 733 1015 1000 775 590 904 1325 1360 1450 1415 920 787 1064 1119 1143 1093 884 911 926 703 845 1013 694 543 484 527 530 407
55 58 98 195 421 549 418 306 266 297 365 343 377 448 571 664 636 548 588 743 655 596 553 452 469 476 404 358 477 584 569 557 583 561 562 641 801 976 1192 1317 1114 877 819 1141 1374 1113 997 1149 1213 1224 1020 1080 1168 880 791 772 740 659 548 549 721 908 906 747 478 367 775 855 649 790 1137 1275 1091 1287 1203 503 808 1303 1034 675 442 575 989 1129 694 484 805 797 478 395 280 203 141
57 61 61 103 201 278 243 191 211 228 250 248 247 280 370 458 521 487 538 691 625 510 467 453 525 515 371 333 393 487 561 578 577 575 640 728 945 1273 1299 1371 1310 1096 995 1171 1420 1134 1036 1217 1370 1453 1242 1287 1293 1033 1004 878 816 797 753 780 792 876 989 849 714 533 563 619 744 1025 988 1120 946 724 694 426 574 841 712 435 333 581 793 680 585 461 533 546 257 208 114 68 23
70 78 75 113 113 115 161 183 193 205 271 359 399 391 405 412 397 394 425 495 562 558 540 536 513 403 332 395 451 501 566 647 683 681 695 733 840 1113 1330 1413 1389 1305 1228 1305 1166 851 997 1368 1595 1464 1246 1177 1152 1177 1056 872 772 616 717 791 489 325 499 534 550 438 319 605 704 707 646 816 862 519 622 690 417 338 345 325 382 598 711 485 449 312 226 300 205 79 4 -9 -32
75 81 93 222 346 299 238 260 246 274 384 533 692 789 706 607 634 571 485 504 547 518 483 443 341 310 396 505 557 585 608 589 579 602 650 709 676 825 1100 1214 1339 1334 1271 1262 1126 1016 1034 1162 1239 1166 1149 1100 1131 1293 1316 1311 1137 930 1169 1325 1054 802 771 610 427 255 233 538 602 483 443 529 789 847 700 841 555 67 93 213 377 565 507 244 108 24 -22 48 52 -58 -168 -167 -170
