inst/extdata/raster/alps.asc
NCOLS   331
NROWS   126
XLLCENTER    5.00000
YLLCENTER  43.83333
CELLSIZE 0.03333334
NODATA_VALUE  -32768
[rows 84 to 125 of 126, columns 93 to 185 of 331]
147 143 142 141 138 136 134 131 125 121 118 113 110 107 105 105 106 105 106 106 104 104 101 97 96 92 84 73 64 69 74 76 79 81 80 78 76 74 75 75 84 85 72 68 67 67 66 63 59 52 47 48 52 54 53 53 52 52 50 49 48 48 48 44 41 41 38 39 41 37 36 38 36 36 35 32 31 25 22 23 26 29 30 29 28 28 25 22 21 21 19 19 19
202 191 173 177 209 196 147 125 125 116 110 110 105 102 101 103 103 102 101 100 99 99 97 94 92 91 92 85 78 75 67 63 66 69 71 75 73 72 70 68 79 78 66 62 59 61 63 62 62 58 53 49 47 46 46 48 50 51 48 47 46 45 45 44 41 40 36 33 35 33 30 31 31 32 30 28 28 25 22 21 22 23 25 25 24 23 21 20 19 19 17 16 16
299 268 268 236 218 212 160 141 176 187 137 106 106 102 99 99 101 101 99 97 95 93 93 92 90 89 86 81 79 76 69 61 62 62 61 64 65 65 62 60 58 53 55 55 51 53 54 53 55 53 53 48 43 40 40 41 43 44 43 43 43 41 39 38 38 37 35 32 31 32 29 27 28 29 28 26 24 24 24 24 24 22 19 18 19 19 19 18 17 16 14 14 14
294 266 285 279 240 218 192 172 220 255 184 118 105 103 97 93 96 98 98 95 93 90 87 84 80 78 75 70 68 64 61 62 63 64 64 59 57 61 63 60 56 54 52 52 53 52 48 47 48 47 44 45 45 41 40 38 37 37 37 38 37 36 35 34 34 33 32 33 31 30 30 28 27 25 24 24 22 21 21 21 22 22 19 17 17 17 18 17 16 15 14 14 14
238 223 233 279 306 269 255 249 217 198 164 130 110 102 100 96 92 91 90 87 85 84 80 74 71 70 70 72 71 69 69 68 63 56 67 108 124 115 101 78 70 68 62 60 61 58 54 53 51 46 44 46 44 42 41 40 38 37 36 36 35 34 34 33 32 31 29 29 28 27 26 24 24 23 22 22 21 21 19 19 19 19 19 19 17 17 18 16 16 15 15 15 14
222 193 199 211 228 233 244 272 211 168 163 155 144 119 116 113 97 88 83 79 78 77 76 74 74 75 75 77 78 77 78 85 108 148 138 170 226 195 152 117 102 92 82 77 74 70 69 67 60 55 53 52 48 45 44 43 41 39 37 35 34 34 34 33 31 31 30 28 26 26 23 21 21 22 22 22 21 20 20 19 18 18 18 18 18 18 18 16 16 15 15 14 13
234 206 202 176 171 214 229 217 198 183 190 191 171 148 139 151 163 151 110 79 78 79 80 81 82 83 85 90 88 89 90 161 232 277 250 233 294 271 219 188 146 106 97 91 87 87 88 80 75 73 68 63 57 52 51 49 46 43 39 36 34 33 33 33 31 30 30 28 26 25 24 22 20 20 22 22 22 21 20 20 19 19 18 18 18 18 18 16 16 15 14 14 13
237 210 207 176 162 198 210 195 188 173 164 161 141 129 123 133 169 168 114 84 86 88 88 89 92 97 104 111 124 174 219 256 263 266 291 299 402 462 313 193 188 202 172 121 117 111 106 105 102 94 82 73 68 64 61 56 49 45 41 38 36 35 34 33 32 31 29 28 28 27 25 23 22 22 21 22 22 22 20 20 20 20 20 18 18 18 17 16 16 14 13 13 12
210 197 178 158 161 178 181 181 165 152 131 115 105 97 93 90 100 102 90 89 95 100 100 100 103 112 129 136 209 345 372 322 330 356 388 399 464 472 360 254 299 346 253 253 196 128 146 145 127 113 100 93 84 79 78 66 54 51 48 45 44 42 40 37 36 34 31 30 28 27 26 23 22 22 20 20 22 22 21 20 19 19 20 20 18 18 19 18 17 14 12 12 12
169 182 176 133 128 133 146 152 131 116 105 102 100 96 96 96 92 90 95 101 108 114 112 136 157 171 173 215 275 363 438 413 443 486 481 482 516 450 455 431 441 444 378 416 269 213 225 180 174 147 132 129 113 104 106 91 73 65 62 58 55 50 43 40 39 35 33 33 30 27 26 25 22 20 20 20 22 22 20 20 20 20 20 20 19 20 21 19 17 17 15 13 13
166 180 156 146 157 140 149 143 134 135 121 106 102 103 100 100 99 103 108 118 126 129 129 158 201 241 282 306 329 315 386 548 596 663 611 581 649 589 623 704 687 569 430 332 362 356 277 275 277 255 226 188 189 193 165 149 122 93 78 70 64 57 49 48 45 39 38 37 32 28 28 29 26 24 23 21 21 21 19 20 21 21 20 20 20 21 22 20 20 21 20 17 15
193 172 145 185 192 175 189 182 165 172 144 117 127 115 104 106 106 112 125 134 142 148 148 175 220 261 309 324 358 436 434 512 576 610 677 811 864 829 840 736 555 383 312 342 558 466 332 393 382 372 332 266 240 286 227 193 174 139 129 107 88 75 64 60 54 48 46 43 37 34 33 34 32 28 24 22 23 23 23 25 25 23 22 22 21 21 23 23 23 22 20 18 16
187 151 204 233 203 187 190 196 161 154 174 169 156 128 112 118 117 122 141 154 162 168 163 207 291 358 342 325 374 489 504 436 499 493 635 904 1112 1030 724 453 386 500 409 513 677 475 446 540 468 431 458 399 311 337 330 277 256 250 201 171 150 109 85 73 68 63 59 53 47 43 40 39 36 32 27 26 26 26 29 30 29 27 26 27 24 21 23 24 22 20 19 18 17
174 193 224 251 240 202 195 175 168 198 221 225 181 130 127 151 141 136 147 169 200 199 182 233 326 431 421 440 515 498 592 644 692 896 847 850 1111 898 463 408 790 957 684 744 704 448 640 767 722 640 488 566 535 390 489 481 341 311 286 256 211 135 92 92 98 91 82 73 64 57 54 48 40 34 32 32 30 31 34 33 32 31 30 28 25 23 24 25 22 20 21 20 19
201 231 292 306 240 187 176 215 259 307 289 258 214 135 166 215 190 155 173 203 231 257 251 284 301 341 392 488 511 545 811 997 977 1135 1121 863 900 874 491 488 1008 1070 938 898 666 638 997 978 806 705 567 662 620 534 633 588 391 379 368 274 189 116 116 144 141 123 111 103 95 83 76 67 53 42 40 42 39 37 38 37 36 35 33 30 28 27 28 27 25 23 22 21 18
313 342 398 376 355 337 309 342 350 317 267 238 193 137 200 267 239 197 211 232 262 289 283 282 275 353 447 554 529 457 733 1134 1293 1236 1343 1130 761 722 549 650 1039 1179 1116 818 624 732 1004 1122 914 827 924 832 579 470 449 417 335 308 275 177 164 193 225 220 183 168 144 134 124 114 101 91 86 72 59 58 53 47 45 44 42 41 39 36 33 31 29 27 25 25 23 21 18
479 537 392 408 441 336 319 283 265 212 209 263 236 195 252 300 236 191 224 267 287 311 322 350 382 396 503 729 673 603 733 975 1357 1359 1221 1002 601 670 804 760 986 1058 870 746 665 701 821 1012 1090 905 748 622 635 653 532 378 330 337 223 249 300 294 312 271 280 238 184 184 153 130 118 109 112 110 95 81 67 56 55 52 50 48 44 39 36 33 30 29 26 25 24 22 20
571 517 404 395 366 322 347 262 242 281 267 346 373 303 268 274 226 248 270 294 400 449 387 463 591 433 465 658 623 826 938 958 1209 1225 1123 921 593 751 938 845 1080 987 773 995 1028 918 766 692 723 588 548 542 689 827 772 609 421 411 388 492 462 352 398 472 448 294 270 271 216 171 190 225 188 148 139 125 95 73 63 61 60 58 50 44 38 35 34 33 33 30 27 26 24
547 465 422 353 445 501 472 329 317 356 329 421 456 415 385 363 333 429 482 499 548 631 553 551 654 490 435 577 639 806 1035 1124 1217 1168 1183 1028 762 914 1112 981 1158 1182 1046 1362 1252 984 842 664 593 550 692 884 767 595 559 509 372 410 591 597 520 528 658 761 514 360 444 360 284 283 338 381 312 287 297 261 191 138 109 86 78 74 66 60 51 43 40 39 40 37 34 33 30
556 524 440 480 565 526 379 269 345 397 383 491 609 607 545 477 439 462 612 727 718 750 719 729 623 486 470 566 682 743 947 1191 1198 1043 991 776 772 1157 1242 897 977 1353 1398 1360 1086 948 1138 1016 885 792 802 1024 883 614 404 348 519 627 792 913 874 768 649 624 520 487 493 411 324 354 486 504 421 388 396 317 221 198 221 180 109 87 87 84 76 62 50 49 51 48 46 43 38
638 541 456 571 610 454 313 301 386 463 395 441 630 683 590 458 534 552 530 634 805 863 643 506 403 373 447 512 553 616 798 984 978 881 816 824 966 1090 994 843 851 1144 1337 1113 977 872 900 907 788 753 812 869 671 552 607 548 648 794 1049 1243 969 689 587 538 558 661 561 398 378 447 550 578 501 469 424 340 283 248 270 198 166 177 147 129 109 97 81 71 67 63 57 49 42
623 583 549 508 569 396 328 356 435 440 377 379 480 622 617 596 774 804 609 563 749 831 616 317 149 192 343 530 590 702 814 808 869 877 916 1019 1052 994 999 1165 1220 1236 1223 1079 949 693 514 520 524 514 514 586 677 769 910 829 759 996 1093 896 657 790 982 825 646 704 637 468 553 547 558 668 621 544 469 410 360 252 209 220 276 341 281 210 176 168 149 97 99 106 108 113 95
559 514 590 583 533 384 352 383 465 469 481 490 580 844 845 801 978 916 563 357 454 458 421 298 123 195 255 319 499 629 583 565 572 778 871 842 961 803 887 1117 1239 1262 1198 1082 928 816 625 521 507 602 574 696 971 1039 1002 937 1027 1126 934 740 830 1077 1058 867 661 570 532 486 610 565 595 718 700 616 593 559 350 315 395 379 427 430 399 387 342 252 176 164 178 172 167 181 175
628 526 535 637 535 352 399 524 584 558 630 582 634 980 1039 833 683 526 276 69 40 56 72 82 109 163 173 188 402 584 513 406 340 437 361 441 725 693 563 551 807 940 929 864 869 983 950 743 653 930 981 888 803 731 706 690 1128 1269 1028 1068 1056 906 943 849 678 672 581 645 657 670 657 568 579 532 498 516 431 396 507 534 582 628 568 455 336 314 311 300 258 234 229 230 253
618 645 564 518 494 377 444 577 654 710 626 420 405 525 601 500 167 27 36 -26 -72 -65 -62 -34 16 8 52 151 296 469 490 349 328 288 277 273 328 533 321 335 730 922 807 668 677 718 925 962 1090 1347 1262 949 577 369 401 613 999 1364 1445 1281 1044 884 904 776 881 1177 1077 864 651 642 596 505 595 623 569 408 495 609 488 573 684 762 656 398 253 353 487 469 421 354 343 363 429
635 705 602 503 508 409 404 434 449 499 394 231 193 143 94 54 -46 -101 -138 -129 -98 -219 -318 -197 -156 -155 -69 -36 -14 36 85 95 171 209 282 325 308 231 116 257 472 659 792 653 407 444 760 1037 1132 1110 986 878 639 338 316 526 703 963 1264 1372 1348 1241 1020 999 1171 1147 1003 825 717 711 691 648 692 718 671 610 571 751 778 614 597 645 687 554 337 381 573 670 562 483 511 506 527
767 745 612 577 586 505 421 421 324 238 254 166 59 13 -75 -133 -129 -173 -250 -273 -242 -473 -666 -413 -355 -363 -197 -143 -112 -98 -90 -30 131 124 30 163 187 58 157 303 295 516 927 774 424 407 602 780 772 806 745 672 711 496 196 206 376 496 713 984 1261 1240 1288 1440 1162 942 838 827 975 1134 996 873 735 686 859 791 638 863 973 741 661 687 759 674 405 352 631 778 684 627 564 475 351
813 827 793 740 678 557 546 464 270 188 136 34 -48 -105 -163 -237 -296 -319 -373 -400 -428 -670 -899 -674 -593 -643 -463 -323 -244 -215 -177 -145 -2 49 -62 -72 -43 -25 129 239 173 355 648 615 522 448 370 422 510 727 822 762 729 627 422 197 171 311 515 517 687 935 1090 1335 1299 1302 1359 1225 1376 1556 1239 989 778 933 1130 849 937 1190 938 698 739 681 658 551 458 529 679 790 728 554 370 379 365
791 851 1045 931 778 758 691 531 304 160 84 -77 -258 -362 -334 -406 -515 -512 -508 -543 -635 -803 -867 -698 -771 -840 -625 -481 -455 -469 -424 -404 -374 -279 -189 -152 -126 -77 -36 -16 86 180 268 443 564 534 363 284 269 346 561 733 731 610 427 193 115 192 305 474 514 639 734 993 1511 1492 1420 1388 1483 1702 1581 1135 916 1075 1076 1118 1163 1012 782 692 694 696 647 446 498 760 808 795 668 410 264 397 451
748 849 1117 888 654 634 472 401 327 177 1 -219 -445 -643 -638 -646 -759 -781 -662 -820 -1005 -888 -700 -668 -894 -835 -805 -877 -783 -792 -775 -719 -643 -563 -487 -464 -418 -283 -159 -88 14 79 135 285 514 555 422 302 199 174 255 324 474 550 355 195 104 115 176 318 407 510 572 729 1111 1139 1078 1121 1367 1587 1540 1409 1234 1189 1254 1211 1042 966 1065 1182 949 700 550 559 763 864 865 670 482 501 532 481 359
858 836 1076 910 412 183 155 139 198 125 -135 -452 -692 -791 -854 -923 -994 -1000 -878 -1160 -1301 -924 -919 -1071 -1079 -1138 -1207 -1133 -1074 -1062 -1007 -894 -824 -839 -821 -804 -769 -643 -444 -262 -164 -85 -29 26 249 310 381 445 229 142 142 218 259 302 307 301 243 109 140 206 293 414 451 605 790 717 698 902 1146 1236 1133 1275 1426 1291 1219 1046 973 1278 1555 1380 1053 935 702 649 824 710 574 526 395 516 723 583 478
728 704 802 757 383 112 40 -21 -31 -120 -327 -681 -1023 -1031 -1066 -1148 -1093 -1123 -1098 -1349 -1433 -1076 -1275 -1492 -1397 -1526 -1392 -1109 -1171 -1208 -1129 -1058 -1022 -1009 -968 -875 -820 -812 -713 -532 -355 -212 -137 -85 -20 56 229 423 492 326 136 247 223 73 58 198 302 324 301 276 386 508 733 834 748 733 732 610 561 711 769 891 1300 1437 1368 1302 1151 1318 1566 1436 1212 1195 1104 885 753 537 352 519 520 488 695 632 553
445 501 556 372 206 36 -70 -225 -381 -540 -732 -894 -1127 -1221 -1279 -1283 -1190 -1258 -1265 -1462 -1534 -1306 -1432 -1601 -1612 -1578 -1462 -1300 -1225 -1223 -1155 -1095 -1030 -948 -884 -765 -678 -698 -691 -610 -531 -452 -346 -202 -121 -24 36 128 365 480 361 180 103 75 26 30 133 327 439 439 740 1152 1319 1374 1101 826 805 706 522 396 420 733 1007 1133 1509 1659 1529 1381 1301 1342 1337 1430 1368 1113 1057 924 675 636 581 666 847 769 762
434 254 272 136 1 -46 -188 -450 -640 -881 -1057 -1109 -1195 -1291 -1373 -1373 -1343 -1379 -1428 -1545 -1599 -1624 -1694 -1524 -1379 -1374 -1345 -1233 -1109 -1067 -1006 -944 -892 -832 -779 -700 -610 -582 -583 -565 -578 -605 -561 -414 -279 -195 -136 -102 -35 203 401 222 9 18 76 81 36 54 265 421 613 968 980 981 1239 1128 935 854 620 473 311 465 726 755 1140 1388 1332 1270 1243 1073 1011 1320 1406 1182 1077 999 779 757 688 832 1046 870 887
271 86 28 24 -10 -113 -373 -679 -801 -1023 -1238 -1290 -1342 -1362 -1412 -1454 -1475 -1484 -1534 -1626 -1688 -1774 -1797 -1505 -1259 -1186 -1111 -1007 -923 -926 -909 -874 -837 -796 -750 -689 -619 -591 -578 -561 -572 -587 -569 -511 -435 -320 -209 -134 -81 -58 84 128 22 4 48 138 94 -4 52 119 145 302 380 569 1095 1325 1161 984 708 455 278 188 417 618 742 959 916 733 846 837 711 746 970 1085 950 834 843 994 829 791 869 590 603
196 197 158 30 -36 -160 -416 -684 -828 -970 -1114 -1209 -1321 -1403 -1447 -1501 -1616 -1683 -1712 -1808 -1848 -1821 -1772 -1595 -1346 -1140 -1008 -891 -856 -891 -879 -849 -816 -767 -710 -657 -626 -622 -599 -564 -550 -541 -527 -494 -456 -381 -246 -129 -75 -58 -60 -35 0 -6 -20 37 58 5 -14 0 33 82 270 567 733 825 808 893 865 660 559 341 238 316 385 557 591 530 629 702 720 768 831 761 717 884 1114 1127 1002 765 556 406 474
309 235 144 -67 -104 -179 -419 -675 -839 -939 -1032 -1140 -1200 -1307 -1412 -1437 -1616 -1788 -1785 -1840 -1917 -1947 -1848 -1560 -1274 -1110 -986 -868 -855 -871 -848 -811 -772 -719 -688 -670 -644 -651 -621 -564 -539 -520 -503 -487 -467 -423 -291 -160 -108 -79 -61 -48 -39 -29 -21 -24 -18 -9 -11 -8 -4 -9 87 133 285 586 593 683 860 896 863 668 410 212 261 401 563 832 862 687 757 935 788 435 332 559 764 819 911 803 496 385 481
309 135 -16 -110 -228 -388 -566 -783 -900 -962 -1047 -1123 -1161 -1214 -1307 -1476 -1719 -1817 -1783 -1860 -1950 -1881 -1676 -1384 -1165 -1025 -920 -876 -871 -875 -844 -788 -744 -683 -678 -706 -678 -659 -610 -519 -495 -509 -489 -472 -459 -440 -358 -247 -180 -126 -80 -56 -44 -36 -29 -24 -21 -17 -14 -13 -7 -2 -12 -19 163 426 381 698 888 611 560 528 497 413 571 783 761 722 590 540 693 724 496 216 142 174 255 421 553 624 417 274 518
136 63 -82 -116 -297 -519 -649 -776 -811 -832 -924 -1022 -1143 -1239 -1421 -1778 -1976 -1953 -1985 -2136 -2119 -1847 -1536 -1273 -998 -754 -695 -781 -883 -944 -906 -823 -776 -732 -739 -761 -692 -617 -569 -488 -476 -499 -475 -456 -448 -435 -392 -313 -231 -159 -103 -72 -55 -43 -35 -29 -24 -21 -20 -18 -15 -10 -4 -3 8 109 137 381 582 389 274 256 273 383 571 787 642 356 387 509 466 369 288 123 62 69 84 137 189 257 254 394 548
-49 -44 -115 -258 -385 -519 -643 -711 -692 -730 -884 -1043 -1235 -1353 -1677 -2042 -2061 -2033 -2161 -2280 -2062 -1796 -1548 -1234 -923 -726 -750 -843 -970 -1054 -1051 -1014 -926 -893 -952 -932 -816 -719 -645 -543 -494 -473 -445 -436 -432 -426 -401 -341 -258 -192 -144 -103 -73 -55 -43 -35 -30 -26 -24 -22 -18 -14 -9 -4 -9 40 86 145 253 264 267 209 89 93 161 312 303 147 204 222 124 132 234 175 45 38 36 30 25 63 157 341 302
-71 -137 -233 -391 -520 -589 -622 -679 -761 -916 -1191 -1464 -1689 -1757 -1956 -2127 -2027 -2138 -2291 -2245 -1947 -1715 -1566 -1276 -1090 -1025 -1029 -1014 -966 -1054 -1157 -1165 -1074 -1047 -1120 -1079 -975 -840 -676 -550 -499 -444 -404 -411 -420 -421 -405 -360 -296 -241 -195 -144 -97 -69 -53 -42 -37 -32 -28 -25 -21 -17 -13 -9 -1 -5 -5 61 188 184 114 65 23 20 12 13 50 57 30 16 19 19 142 234 149 76 32 29 37 40 80 85 71
-375 -509 -563 -654 -819 -751 -600 -766 -1066 -1423 -1818 -2122 -2264 -2278 -2218 -2133 -2050 -2315 -2202 -1794 -1724 -1647 -1573 -1401 -1257 -1205 -1143 -1042 -930 -1107 -1275 -1200 -1140 -1134 -1139 -1058 -908 -780 -679 -587 -507 -434 -394 -394 -410 -419 -407 -372 -323 -273 -228 -174 -121 -86 -66 -54 -46 -39 -33 -29 -25 -20 -16 -11 -5 1 2 -18 99 125 119 104 -9 -1 6 17 38 43 23 14 12 15 15 84 174 249 207 98 62 34 33 33 52
