inst/extdata/raster/alps.asc
NCOLS   331
NROWS   126
XLLCENTER    5.00000
YLLCENTER  43.83333
CELLSIZE 0.03333334
NODATA_VALUE  -32768
[rows 42 to 83 of 126, columns 186 to 278 of 331]
602 1177 1401 1522 1496 1173 1206 1820 1978 1223 765 1077 1377 1571 1645 1984 2081 2227 2220 2084 1902 1516 1990 2591 2394 2295 2076 1708 1799 2047 2137 1985 2228 2233 1889 1853 1978 1949 1569 1283 1494 1702 1415 1307 1589 1684 1556 1210 1244 1539 1833 1863 1403 1308 1560 1631 1479 1455 1473 1422 1206 958 882 914 960 983 994 890 790 707 652 685 676 750 937 1093 1115 974 737 504 488 527 548 525 485 491 507 514 495 473 465 485 464
345 711 1300 1364 1230 974 1114 1565 1458 866 757 1126 1422 1711 1659 1696 1803 2054 2179 2101 1957 1748 1766 2117 2506 2523 2262 1681 1450 1968 2255 1838 1848 1774 1242 1032 1105 1389 1376 1130 1170 1190 1292 1491 1610 1800 1752 1555 1385 1130 1348 1773 1488 1265 1135 1277 1494 1197 1351 1650 1730 1806 1584 1539 1586 1544 1483 1480 1416 1261 1069 916 868 672 647 823 904 816 663 514 518 560 577 543 485 481 499 600 659 648 618 561 500
618 373 802 1190 927 761 1118 1215 866 649 1140 1648 1893 2006 1920 1971 2002 2117 2431 2234 1900 1920 1993 1969 2209 2348 2100 1652 1233 1652 2021 1692 1612 1750 1764 1727 1517 1107 1089 1593 1697 1511 1752 1819 1448 1398 1494 1409 1131 802 915 1238 1194 1091 1001 1026 1374 1111 897 1356 1570 1563 1281 1158 1248 1240 1200 1311 1396 1308 1161 1177 1095 818 856 938 881 919 907 901 1158 1199 1050 945 827 684 572 573 603 600 576 578 541
1237 570 279 523 489 595 927 907 649 835 1585 1892 1887 2132 2202 2192 2104 2058 2430 2409 2132 1861 1768 1788 1928 2138 2025 1797 1482 1512 1949 2172 1878 1678 1898 2021 1751 1134 966 1493 1923 2006 1924 1909 1728 1468 1359 1202 1098 891 698 960 1290 1098 770 923 1080 969 1090 1190 1176 1171 904 826 1108 1272 1262 1303 1186 1129 1229 1065 833 889 1097 1208 1120 1122 1056 974 1371 1500 1394 1419 1395 1320 1130 906 835 757 739 833 702
1501 928 347 230 297 855 984 767 939 1286 1576 1619 1958 2431 2225 1887 1941 1850 1934 2173 2213 2037 1785 1461 1492 1803 2010 2107 1798 1261 1175 2101 2338 1757 1671 1427 972 1009 1119 1091 1414 1724 1829 1821 1610 1444 1436 1497 1492 1068 693 1070 1340 1263 856 704 831 1104 1545 1004 814 1432 1359 893 967 1120 1201 1409 1204 1279 1578 1309 1127 1321 1340 1099 1056 934 1068 1296 1435 1406 1142 1088 1132 1227 1257 1259 1348 1437 1301 1066 988
1289 800 474 355 361 1028 1302 1113 1118 1327 1430 1457 2049 2282 1701 1556 1954 2043 2128 2468 2299 1975 1955 1701 1273 1314 1684 2008 2064 1712 1225 1323 1730 1574 1313 902 853 1304 1615 1651 1481 1288 1395 1679 1591 1452 1274 1028 898 784 589 607 747 924 754 543 805 1058 992 667 648 1222 1488 830 675 1118 1345 1556 1698 1674 1447 1306 1254 1185 1611 1824 1565 1454 1913 1908 1477 1355 1101 819 744 974 950 919 1121 1544 1592 1387 1307
1253 654 358 351 613 1144 1367 1472 1301 1274 1580 1909 2160 1799 1453 1790 2058 2058 2124 2258 1898 1511 1590 1473 1324 1836 1956 1642 1881 1818 1574 1477 1188 1117 938 853 1472 1764 1716 1739 1745 1367 1065 1192 1283 1302 1178 799 530 544 574 744 747 625 431 352 610 593 361 545 590 602 883 833 1041 1604 1821 1781 1836 1931 1484 966 1260 1266 1565 2168 1618 1197 1814 1980 1750 1381 1222 1358 1027 946 766 542 621 931 1110 1328 1279
1463 601 185 361 779 1246 1517 1776 1771 1775 2070 2307 1969 1501 1726 2163 2414 2306 2092 1752 1460 1329 1268 1128 1389 2157 2021 1406 1281 1145 1312 1830 1727 1495 1178 1094 1817 1980 1652 1692 1828 1515 1336 1265 1175 996 906 1039 955 1065 1019 996 1120 990 646 380 498 559 448 877 1121 815 652 775 898 997 1377 1815 1827 1658 1346 830 1220 1810 1592 1415 1322 1241 1827 2146 2170 1829 1349 1454 1229 900 619 455 436 489 569 724 795
1291 415 117 508 953 1097 1465 1788 1737 1948 2212 1952 1496 1395 1668 1879 2050 2096 2078 1928 1511 1420 1582 1525 1420 1662 1756 1771 1564 1335 1267 1325 1609 1157 1231 1506 1722 1505 1479 1919 1433 1426 1821 1752 1410 1314 1260 1050 1084 1308 1077 810 953 1072 853 412 447 500 483 857 1138 1063 913 1066 1062 740 940 1561 1623 1033 655 627 977 1231 1122 1121 1502 1908 2114 1966 1490 1393 1396 1295 1233 1050 824 746 609 481 457 454 468
827 305 618 1208 1423 1250 1240 1196 1114 1233 1430 1332 1345 1506 1607 1735 1806 1902 2154 2312 2087 1607 1606 1774 1148 950 1203 1635 1966 1833 1554 1287 1251 853 1281 1659 1319 983 1142 1447 1019 1328 1889 1710 1170 1095 1145 705 617 831 927 843 613 829 897 457 314 256 352 789 822 709 861 1183 1379 1143 1128 1330 1125 566 243 665 1232 1227 1287 1600 1816 1789 1362 1055 788 702 977 975 768 806 1029 1161 1119 961 687 453 419
283 305 1148 1533 1245 1195 1106 977 1157 1217 1121 1361 1758 1943 2058 1966 2061 2084 1963 2271 2644 2256 1708 1485 1024 766 724 1032 1665 1708 1413 1355 1227 898 1191 1413 1083 864 819 1051 1213 1423 1525 1234 1036 868 633 623 583 646 807 778 732 904 957 547 218 191 241 680 777 510 656 761 860 951 921 915 751 435 357 647 865 1317 1759 1645 1491 1642 1332 1006 957 730 713 772 841 1056 1281 1350 1201 1132 916 588 480
603 806 1070 967 1047 1465 1337 1437 1925 1994 1977 1933 1739 1664 1804 1775 1861 1971 1469 1763 2199 2055 1801 1068 1083 1414 1293 1016 1060 1454 1412 1342 1039 701 959 1393 1410 1179 930 904 1130 1163 1004 1119 1174 710 422 480 612 744 655 548 583 449 444 303 140 193 194 267 336 338 437 411 552 732 614 549 495 657 970 666 238 453 1059 1183 1030 1228 1342 1408 1412 1206 1040 887 1019 1157 1163 1162 843 714 645 572 582
1159 979 912 1016 1290 1910 1781 1753 2191 2191 2220 2005 1773 1746 1370 1344 1776 1819 1336 1159 1297 1434 1399 1159 1456 1391 1427 1095 787 1156 1223 1262 730 550 970 1214 1233 1486 1235 679 600 534 652 1061 1204 696 347 272 332 513 462 280 184 169 163 148 165 188 205 187 201 221 253 279 564 813 832 821 577 814 1161 841 511 540 697 583 539 743 1025 960 888 1091 1060 1008 952 857 826 773 747 738 566 471 583
752 772 1021 1318 1616 2042 1933 1648 1919 1871 1819 1946 2072 2188 1660 1233 1367 1257 920 904 1189 1698 1468 1469 1726 1112 824 615 630 781 665 673 552 475 706 714 692 1297 1510 1206 931 973 990 624 567 499 276 232 213 193 183 170 150 183 213 185 172 180 188 194 201 178 187 205 301 537 807 795 426 388 562 536 591 753 682 313 116 387 686 539 415 754 920 960 980 857 869 955 928 760 724 636 525
648 863 1231 1239 1529 1993 1977 1784 1609 1475 1875 2081 1675 1637 1820 1461 985 882 981 1281 1712 1734 1258 1470 1491 931 501 283 402 425 371 348 598 640 394 440 720 1098 1618 1708 1435 1243 790 356 223 241 240 209 187 175 160 131 120 145 158 165 182 205 210 182 162 155 143 137 123 204 343 414 285 148 266 451 495 399 368 345 311 431 387 421 622 617 655 592 637 787 785 818 754 539 562 683 601
632 782 956 1092 1561 2001 1969 1647 1186 1099 1411 1520 1239 1277 1408 1587 1376 1066 1416 1656 1659 1251 882 944 826 437 293 288 339 365 466 558 843 987 627 780 1050 996 1428 1473 1113 690 237 215 226 222 205 173 152 146 129 108 108 130 131 138 156 164 169 151 132 129 127 122 114 106 103 154 197 303 344 403 495 376 282 312 525 813 711 535 552 452 460 478 606 726 637 555 515 485 548 703 744
691 584 859 1392 1899 1741 1167 727 567 497 517 1006 1108 1104 1135 1164 1037 809 1159 1292 908 612 518 335 263 249 298 367 410 481 651 804 1242 1048 857 1311 1184 1073 1180 869 444 230 136 166 168 164 159 136 116 112 102 89 94 109 110 111 109 106 107 109 109 109 109 104 101 110 115 122 141 341 443 366 308 334 493 557 669 867 844 603 644 728 689 787 720 696 735 609 591 606 706 765 684
1053 560 742 1133 1057 803 728 574 689 943 1008 1026 715 730 1072 1005 832 581 584 694 422 257 269 272 382 412 392 590 693 819 968 1044 994 603 709 1103 1117 1149 704 158 72 89 117 126 118 108 108 96 82 81 79 74 78 84 86 88 86 85 87 90 92 92 93 86 93 98 115 132 103 165 288 378 258 332 590 710 754 756 871 655 793 1041 815 746 627 739 810 552 615 726 651 578 498
1055 688 443 488 686 1031 1406 1493 1679 1860 1740 1193 837 868 841 843 747 456 513 602 436 656 476 197 630 786 754 784 663 776 754 672 383 235 316 379 677 657 198 -20 44 66 80 83 73 61 59 58 57 59 62 63 62 62 66 67 67 65 65 69 73 74 73 70 75 73 93 111 105 119 133 225 248 276 397 603 753 767 995 958 917 1071 742 487 597 646 675 691 669 689 655 497 355
1229 876 951 1062 1320 1569 1532 1774 2039 1859 1731 1550 1413 1315 1066 650 320 374 724 807 748 865 710 616 1025 1277 1010 536 336 380 275 203 216 140 96 81 143 152 39 25 31 39 41 39 34 32 34 38 41 44 50 50 48 45 45 46 46 45 46 50 54 54 54 55 52 53 55 58 75 90 84 129 144 109 184 281 510 907 1148 1243 1183 1110 901 631 624 600 638 733 680 621 629 525 365
1335 1059 1053 1152 1415 1477 1459 1464 1550 1630 1613 1614 1585 1432 1247 703 422 887 1022 1059 977 498 387 733 1108 1123 630 264 225 205 218 209 145 98 85 70 41 24 29 24 24 24 20 18 19 22 24 30 31 33 39 39 36 33 30 28 28 29 32 34 36 38 39 40 40 39 42 41 44 50 43 68 78 81 88 40 159 543 864 1031 866 880 1012 815 815 815 677 593 564 570 553 496 508
1440 1383 1217 1077 953 1125 1568 1405 1170 1242 1269 1321 1286 1181 811 673 972 1293 1381 1362 1079 576 268 263 481 393 220 209 185 149 145 160 131 72 56 46 39 32 25 19 18 19 16 16 17 17 19 23 25 26 28 28 24 23 21 18 18 19 20 20 21 24 25 25 25 26 30 28 25 48 117 107 55 56 50 54 45 99 259 433 327 266 572 808 816 851 912 822 663 537 512 533 581
1519 1651 1596 1338 758 686 1051 1122 1003 1010 1055 1058 959 886 509 798 1296 1329 1320 989 670 465 325 161 129 135 129 100 99 104 132 126 78 58 43 36 30 25 21 16 13 14 13 14 13 12 15 16 18 19 19 19 17 14 14 13 12 13 14 14 13 12 12 12 13 16 18 20 17 61 162 180 142 171 233 279 288 210 99 113 175 163 216 462 687 792 922 961 822 714 708 598 491
1307 1252 1094 778 750 882 976 1114 1147 1226 1263 1257 1188 1000 815 689 712 812 644 354 215 163 229 239 156 144 188 227 189 132 115 92 59 52 42 32 26 20 17 14 12 12 11 11 11 12 13 12 12 13 15 13 12 10 9 10 8 8 9 8 7 6 6 5 6 9 12 14 13 35 84 117 149 231 334 398 405 319 235 255 265 282 136 267 755 892 864 775 669 708 758 602 490
1606 1026 734 878 888 687 710 833 1103 1178 1051 1001 945 857 722 331 159 213 137 160 148 112 173 193 141 144 192 241 192 120 78 61 60 52 43 32 24 18 15 13 12 11 10 9 9 10 10 8 8 9 11 10 9 9 7 6 5 5 5 4 4 4 3 2 3 5 7 8 7 1 18 24 101 184 206 216 225 256 277 284 267 325 345 316 512 971 1041 679 522 505 561 637 618
1401 779 645 1128 968 529 422 306 534 567 409 424 470 378 176 131 123 110 114 102 86 83 83 92 110 110 102 98 80 60 54 52 49 43 36 28 21 16 13 11 9 7 7 8 8 7 5 5 5 5 6 7 7 6 6 5 3 2 3 1 -2 -1 0 2 2 3 4 4 3 2 -3 -8 50 109 152 191 271 337 278 265 319 376 462 432 446 763 817 587 518 509 533 642 786
793 519 537 522 462 449 424 230 197 173 147 174 167 126 82 85 99 99 89 79 70 67 71 76 76 74 74 71 65 56 45 38 34 29 25 22 18 14 10 8 6 6 5 5 6 5 3 3 3 3 3 4 4 4 5 5 3 0 -2 -1 -4 -4 1 3 2 3 2 2 3 1 -3 -5 -16 -5 43 158 298 340 324 335 337 333 402 490 551 573 587 584 583 551 520 626 854
925 737 593 451 290 153 129 139 134 121 122 120 89 67 74 76 80 78 72 66 59 54 53 54 54 54 53 52 49 41 30 23 21 19 17 15 13 11 9 6 5 6 5 3 3 4 2 2 2 2 2 2 2 3 3 3 3 0 -4 -3 -3 -3 -1 -2 1 3 3 1 -1 -3 -7 -9 -13 -19 -24 40 140 259 354 370 369 411 475 467 460 622 769 679 615 621 558 587 708
1023 916 554 546 537 286 109 109 98 84 77 78 69 62 61 61 61 59 55 51 48 44 40 38 36 34 33 32 29 25 19 16 13 12 12 10 8 6 6 6 5 5 3 2 2 3 3 2 3 3 3 2 2 2 2 2 3 1 -3 -5 -5 -5 -6 -6 -3 -1 -1 -4 -8 -10 -13 -17 -21 -22 -23 -29 3 119 239 336 416 499 515 455 397 485 613 604 534 514 567 559 613
712 752 549 376 438 356 178 126 69 62 56 57 55 52 50 48 47 44 42 41 38 36 34 31 28 25 23 21 19 18 15 14 10 8 9 8 6 4 3 3 4 3 2 3 2 3 3 2 3 4 3 3 1 -2 -1 -1 -1 -3 -6 -6 -7 -7 -9 -8 -8 -10 -11 -13 -16 -18 -20 -23 -24 -24 -25 -18 -10 -14 48 166 294 465 524 512 540 514 447 496 505 414 523 618 620
640 478 584 503 315 258 193 151 81 45 43 42 43 43 41 40 37 34 33 33 31 29 28 26 24 23 21 18 16 15 13 11 8 7 6 5 4 3 3 3 3 2 3 3 2 3 3 2 2 3 1 -1 -3 -6 -6 -6 -7 -7 -8 -10 -11 -12 -13 -13 -15 -18 -19 -20 -21 -21 -22 -25 -27 -26 -27 -8 40 98 53 41 244 428 520 534 581 685 637 618 615 499 458 535 640
665 447 459 481 332 170 105 115 93 40 35 36 39 37 35 35 33 31 29 28 27 24 23 21 20 18 18 15 13 12 10 8 6 5 4 3 3 2 3 4 3 2 3 3 2 2 3 1 -1 -1 -5 -8 -8 -8 -9 -10 -11 -12 -13 -15 -15 -16 -17 -18 -20 -21 -21 -21 -21 -21 -21 -26 -31 -29 -22 -12 35 91 99 148 306 424 503 572 540 570 618 619 598 522 442 420 513
503 410 427 342 181 113 91 67 46 32 51 46 28 32 31 28 29 28 27 24 22 21 19 18 17 15 14 13 11 9 8 6 4 3 3 3 0 -2 -2 -2 0 2 3 3 1 -1 0 -4 -8 -10 -12 -14 -15 -14 -15 -16 -17 -18 -19 -19 -19 -20 -20 -21 -21 -21 -21 -22 -22 -23 -26 -7 31 37 74 113 49 -8 85 233 260 340 457 654 710 585 575 533 517 510 515 465 437
392 289 236 304 219 134 61 94 111 72 46 75 63 25 26 24 24 24 24 21 20 18 15 14 13 11 11 9 7 5 5 4 3 3 0 -2 -4 -6 -4 -2 1 3 0 -1 -4 -8 -11 -14 -16 -18 -19 -20 -20 -19 -19 -20 -21 -23 -22 -22 -22 -22 -22 -22 -22 -22 -23 -25 -17 3 10 15 41 111 149 196 182 94 163 273 262 320 433 678 767 634 749 725 611 600 581 518 481
192 197 126 132 180 110 44 68 207 228 165 153 65 20 25 24 22 21 21 19 18 16 13 12 10 8 7 6 5 4 4 3 0 -2 -4 -4 -1 -1 -1 -1 -1 -1 -4 -8 -12 -17 -19 -22 -23 -22 -21 -21 -21 -21 -22 -22 -22 -24 -24 -24 -24 -24 -24 -24 -24 -24 -26 -28 -21 11 45 53 58 105 113 146 256 281 328 388 339 284 400 604 711 708 872 912 684 622 676 588 441
61 107 125 34 22 35 45 51 170 316 281 118 18 21 23 23 20 18 17 16 14 13 13 11 9 7 7 6 5 4 3 4 -2 -6 -6 -1 1 -1 -3 -6 -6 -7 -8 -12 -19 -22 -21 -22 -22 -22 -21 -21 -21 -21 -23 -24 -24 -25 -25 -25 -26 -26 -26 -26 -26 -27 -29 -31 -33 -12 28 56 99 110 135 199 270 352 399 451 427 285 249 289 492 720 718 770 812 787 742 602 412
36 33 35 33 30 26 59 148 135 145 122 20 17 10 9 15 15 16 16 14 13 12 11 10 8 7 6 4 3 3 0 -2 -3 -6 -3 -1 -3 -5 -5 -6 -8 -10 -13 -17 -20 -21 -21 -21 -21 -21 -21 -21 -22 -22 -24 -25 -25 -26 -26 -26 -26 -27 -28 -28 -28 -29 -31 -32 -34 -23 8 39 78 112 172 265 300 316 374 401 421 313 195 185 249 402 463 617 882 978 911 785 554
23 22 23 29 28 24 45 118 89 2 5 16 18 88 86 23 24 14 14 14 14 12 9 8 7 4 3 3 2 3 -2 -6 -5 -5 -3 -3 -6 -7 -9 -11 -13 -14 -17 -19 -20 -21 -21 -21 -21 -21 -22 -22 -24 -24 -24 -26 -26 -27 -27 -28 -28 -28 -28 -30 -30 -31 -32 -33 -34 -33 -3 41 81 115 103 121 167 145 165 183 219 183 240 269 180 203 313 504 686 911 1091 1020 748
23 23 24 25 25 24 20 30 31 17 17 15 11 87 241 213 75 28 13 11 12 9 9 8 6 4 3 3 2 1 -4 -6 -5 -5 -5 -6 -9 -12 -14 -16 -18 -19 -20 -20 -20 -21 -21 -21 -22 -23 -23 -23 -25 -25 -25 -27 -27 -28 -28 -29 -29 -30 -30 -31 -31 -31 -33 -33 -33 -33 -10 25 48 92 109 121 157 124 95 65 148 234 182 199 298 327 319 342 382 620 972 937 577
22 21 22 22 20 21 22 18 16 18 16 13 20 34 225 313 113 15 12 8 8 7 7 7 5 4 2 2 3 -2 -4 -3 -5 -5 -5 -9 -14 -17 -18 -20 -22 -22 -22 -22 -22 -22 -22 -22 -23 -24 -24 -24 -26 -26 -27 -27 -27 -29 -29 -30 -30 -31 -31 -32 -32 -33 -33 -33 -33 -32 -22 5 26 56 135 226 292 308 294 266 325 389 183 173 369 402 395 266 190 471 948 864 304
22 20 20 20 19 17 17 16 16 17 15 12 18 70 119 119 62 9 7 8 7 6 5 4 3 2 2 2 3 -2 -2 -1 -6 -5 -6 -13 -20 -20 -21 -23 -23 -23 -23 -23 -23 -23 -24 -24 -24 -24 -26 -26 -27 -27 -28 -28 -28 -30 -30 -31 -31 -32 -32 -33 -33 -33 -33 -33 -33 -31 -30 -11 29 68 111 173 254 314 339 377 378 367 268 206 266 307 322 211 141 490 873 694 204
20 19 18 19 17 14 14 15 16 15 14 13 7 37 48 5 9 18 6 6 6 7 5 3 2 2 2 2 2 0 1 -2 -4 -3 -8 -15 -21 -22 -23 -24 -24 -24 -24 -24 -24 -24 -24 -25 -26 -26 -27 -27 -28 -28 -29 -29 -29 -31 -31 -31 -31 -33 -33 -33 -33 -34 -34 -33 -32 -30 -30 -19 14 65 116 151 198 263 314 339 341 359 369 358 321 218 136 112 68 214 575 505 105
